list( norm_gen = structure(.Data = c( 0.05376863, 1.058335E-5, 0.1056041, 
0.02455542, 0.1097083, 1.161359E-5, 0.283616, 0.298786, 0.1651254, 0.04774151, 
0.286421, 0.2463296, 0.1920796, 0.04802056, 0.1937693, 0.7496261, 0.1941244, 
0.05538269, 0.156978, 0.8189103, 0.241479, 0.1447178, 0.4765239, 0.8238782, 
0.2311153, 0.1437749, 0.4387134, 0.8099152, 0.1682287, 0.1543371, 0.2530429, 
0.668476, 0.08550515, 0.1247485, 0.0134838, 0.585844, 0.0005656578, 
0.001195919, 1.866786E-5, 0.1483147, 5.362505E-6, 1.093613E-5, 1.929012E-5, 
5.34188E-5, 5.189521E-6, 1.058335E-5, 1.866786E-5, 5.169562E-5, 0, 0, 
0.09520609, 0, 0.008724274, 0, 0.3991724, 0.05536646, 0.2099784, 0.1017907, 
0.4351478, 0.7348015, 0.1455169, 0.1032152, 0.3014275, 0.6556624, 0.1387782, 
0.1140462, 0, 0.7446237, 0.07974045, 0.2885171, 0, 0.6220085, 0.02356043, 
0.179028, 0, 0.7660256, 0, 0.06424096, 0, 0.2746071, 0, 0.05835521, 0, 
0.2422009, 0, 0, 0, 0.007754342, 0, 0, 0, 0, 0, 0, 0, 0, 0, 0, NA, 0, 0, 0, NA, 
0, 0.01357579, 0.0646008, NA, 0.2426592, 0.162471, 0.1625109, NA, 0.6794872, 
0.1849774, 0.1807002, NA, 0.7695409, 0.1903797, 0.1937227, NA, 0.7981838, 
0.192608, 0.006709847, NA, 0.8434657, 0.1532569, 0.1586868, NA, 0.6689413, 
0.1116088, 0.1483377, NA, 0.4497863, 0.006041433, 0.00649818, NA, 0.1137304, 0, 
0.00463692, NA, 0, 0, 0, NA, 0, 0, 0, 0, 0, 0.00263095, 0.02304137, 0, 
0.04560926, 0.3708847, 0.3717509, 0.4081168, 0.5645161, 0.7657443, 0.7245844, 
0.9993827, 0.9605769, 0.65553, 0.6253916, 1, 0.9993797, 0.2368619, 0.237161, 
0.7477238, 0.9763889, 0.2170569, 0.2156464, 0.7069519, 0.9488213, 0.2260971, 
0.2288756, 0.687164, 0.9746691, 0.2212462, 0.2194663, 0.4643519, 0.9693376, 
0.1410512, 0.1445475, 0.4991039, 0.6984078, 0, 0, 0.02681327, 0.03472222, 0, 0, 
0, 0, 0, 0, 0, 0, 0, 0, 0.1368814, 0, 0.1199714, 0.1245872, 0.4006123, 
0.5104425, 0.1376984, 0.1639108, 0.5126929, 0.766453, 0.1344709, 0.169249, 
0.5720206, 0.8513234, 0.1615401, 0.1787839, 0.6042052, 0.9556624, 0.1470814, 
0.1659682, 0.5590651, 0.9278329, 0.1780629, 0.1742443, 0.536589, 0.94634, 
0.1129022, 0.1292213, 0.3611111, 0.7116453, 0, 0, 0, 0.01364764, 0, 0, 0, 0, 0, 
0, 0, 0, 0, 0, 0.01859319, 0, 0, 0.01205491, 0.0587922, 0.006013161, 
0.06146469, 0.01566336, 0.1792488, 0.2675765, 0, 0, 0.09834105, 0.1779915, 
0.1490846, 0.1542206, 0.4804361, 0.7181555, 0.2283891, 0.227909, 0.6215664, 
0.9560897, 0.2270831, 0.2345906, 0.5955048, 0.9684657, 0.232885, 0.2353103, 
0.5960275, 0.9740488, 0.1887924, 0.2080271, 0.3595679, 0.8212607, 0.02347739, 
0.01259419, 0.1155541, 0.1848635, 0, 0, 0.000462963, 0, 0, 0, 0.001418757, 0, 
0, 0, 0.07829301, 0.0942928, 0, 0.0004180893, 0.1275811, 0.04129794, 0, 0, 
0.005637694, 0.0007237386, 0.0455813, 0.03121172, 0.1368827, 0.2061966, 
0.07904679, 0.07323681, 0.2899866, 0.4270058, 0.1161733, 0.116951, 0.4734954, 
0.7120726, 0.1727176, 0.2027559, 0.516017, 0.8068652, 0.2179807, 0.2253408, 
0.5540248, 0.9590571, 0.1431682, 0.1484908, 0.2366127, 0.6584402, 0, 
0.004064008, 0.04532557, 0.1783499, 0, 0, 0.02237654, 0, 0, 0, 0.02490293, 0, 
0, 0, 0.03151135, 0, 0, 0, 0.1331121, 0, 0.03193631, 0.05795445, 0.1634185, 
0.2241522, 0.1571429, 0.1584864, 0.4175926, 0.6590812, 0.1602628, 0.1647193, 
0.3573775, 0.7056452, 0.260296, 0.2662073, 0.5933642, 1, 0.2861502, 0.2922488, 
0.536029, 1, 0.2419978, 0.253302, 0.4055406, 0.9717742, 0.1449271, 0.1523185, 
0.2162809, 0.6228632, 0.02788849, 0.03069173, 0, 0.1459884, 0.01061776, 0, 0, 
0, 0, 0, 0, 0, 0, 0, 0, 0, 0, 0, 0, 0, 0, 0.03774024, 0, 0.1417494, 0.1400365, 
0.1437445, 0.421875, 0.6396368, 0.1862831, 0.1953687, 0.5895684, 0.8713813, 
0.180384, 0.1776465, 0.6857253, 0.9439103, 0, 0, 0.6272401, 0.9377585, 
0.1822767, 0.1791762, 0.6698029, 0.9301075, 0.1475654, 0.1537839, 0.5474537, 
0.8528846, 0.0247644, 0.07188214, 0.192055, 0.3383995, 0, 0, 0, 0.03418803, 
0.1649749, 0.05765812, 0.3292637, 0, 0.2778366, 0.09438236, 0.6357527, 0, 
0.1381647, 0.07242236, 0.3560308, 0, 0.5613505, 0.1133054, 0.8017473, 0, 
0.5060811, 0.09024497, 0.8830247, 0, 0.3615332, 0.2389298, 0.9402628, 
0.9243176, 0.2444337, 0.2241689, 0.668017, 0.9779915, 0.180149, 0.1799594, 
0.7737082, 0.9614351, 0.1887221, 0.1813564, 0.6232079, 0.9450993, 0.01847919, 
0, 0.6417438, 0.9122863, 0.0496222, 0.02872322, 0.1798835, 0.4065343, 0, 0, 0, 
0, 0, 0, 0, 0, 0, 0, 0.04267473, 0.03815136, 0.2752133, 0.6530788, 0.4515323, 
0.8003177, 0.1041641, 0, 0, 0.2808106, 0.3929108, 0.4005249, 0.06658951, 
0.9603632, 0.2909765, 0.3081661, 0.858983, 0.9742556, 0.1794831, 0.1658574, 
0.6669367, 0.9057692, 0.2286711, 0.2190966, 0.8929211, 0.9569892, 0, 0, 
0.6420624, 0.9525434, 0, 0, 0.5471836, 0.9238248, 0.02447378, 0.008636017, 0, 
0.1765922, 0, 0.0006780402, 0, 0, 0, 0, 0, 0, 0, 0, 0.2779645, 0.1785567, 
0.05691279, 0.0933036, 0.352999, 0.322555, 0, 0, 0.5428614, 0.6716294, 0, 0, 
0.5393133, 0.7959402, 0.08011583, 0, 0.359655, 0.5927419, 0, 0.1640639, 
0.658642, 0.9222222, 0.1788309, 0.1674287, 0.6078629, 0.945823, 0, 0, 
0.6056601, 0.9566791, 0, 0, 0.3573688, 0.6290598, 0, 0, 0, 0.05903639, 
4.181682E-5, 0, 0, 0, 0, 0, 0, 0, 0, 0.0004445009, 0, 0.002067825, 0, 0, 0, 0, 
0, 0, 0, 0, 0, 0, 0.08591821, 0.06538462, 0.08962303, 0.05998645, 0.3577509, 
0.4570926, 0.1691549, 0.1668416, 0.6852623, 0.9444444, 0.1480051, 0.1475531, 
0.6642398, 0.9305211, 0.1417466, 0.1347261, 0.5825493, 0.896402, 0.1252789, 
0.1221347, 0.4589892, 0.7685897, 0, 0, 0.04476553, 0.1748346, 0, 0, 0, 0, 0, 0, 
0.1003211, 0.1365798, 0.04596878, 0.07480315, 0.2874104, 0.4934864, 0.3818066, 
0.4040601, 0.6939528, 0.8528477, 0.4870677, 0.4981162, 0.9261126, 1, 0.5853496, 
0.5921041, 0.9912423, 0.9994658, 0.2978993, 0.2922488, 0.9627389, 1, 0.1468039, 
0.1494969, 0.6294367, 0.8149573, 0.11747, 0.1052832, 0.5820639, 0.8602151, 
0.09637979, 0.08957751, 0.5861335, 0.80366, 0.03381596, 0.01902887, 0.225463, 
0.4972222, 0.4605596, 0.4912158, 0.3446087, 0.7306658, 0.06870442, 0, 
0.1758488, 0.04668803, 0.1220783, 0.06316146, 0.4025164, 0.4213193, 0.1646635, 
0.1688257, 0.5353943, 0.7502068, 0.0274826, 0.02482986, 0.3802032, 0.3923304, 
0.005615062, 0.004191008, 0.4014337, 0.2764682, 0, 0, 0.1501929, 0.1599359, 
0.01331631, 0, 0.2930854, 0.3373656, 0.08700129, 0.08018373, 0.5403549, 
0.7614316, 0.04232574, 0.01866904, 0.3541293, 0.5024814, 0.08045834, 
0.07308865, 0.4599761, 0.6627378, 0.06583012, 0.04680665, 0.2981481, 0.6778846, 
0, 0, 0.04831243, 0.08395368, 0.005319605, 0, 0, 0, 0.1909848, 0.1991999, 
0.3304211, 0.3971257, 0.33023, 0.3223901, 0.7834528, 0.9046733, 0.2768989, 
0.3383736, 0.8933137, 0.7818244, 0.609063, 0.5907417, 1, 0.9707403, 0.3429108, 
0.3374672, 0.9449846, 0.9838675, 0.2610433, 0.2581492, 0.7363351, 0.9795285, 0, 
0, 0.7660494, 0.9648504, 0.1449641, 0.1356574, 0.6599836, 0.9299007, 0.1576992, 
0.1596182, 0.6640158, 0.9578164, 0, 0, 0.4131173, 0.6855769, 0, 0, 0.02449223, 
0.1079404, 0, 0, 0, 0, 0.1256591, 0.1249259, 0.5015681, 0.6940653, 0, 0, 
0.2061679, 0.2299421, 0, 0, 0.04981973, 0, 0, 0, 0.3027554, 0.3104839, 
0.1837731, 0.174147, 0.7455633, 0.9310897, 0.1439158, 0.1274236, 0.624776, 
0.8502895, 0.1715787, 0, 0.7018133, 0.942094, 0.1465936, 0, 0.6279495, 
0.839847, 0.1584361, 0.1408856, 0.6524418, 0.9110835, 0.06719219, 0.05367454, 
0.205787, 0.5617521, 0, 0, 0, 0.0007237386, 0, 0, 0, 0, 0, 0, 0.08912037, 0, 
0.03222693, 0.03683007, 0.2063545, 0.3693135, 0.01530734, 0.01430795, 
0.3423058, 0.3513728, 0.101642, 0.1003302, 0.515009, 0.5835401, 0.2215036, 
0.2200787, 0.7428241, 0.9452991, 0.140553, 0.1260266, 0.6062948, 0.8944376, 
0.1644466, 0.1484471, 0.712037, 0.9442308, 0.170839, 0.1488866, 0.6791368, 
0.9233871, 0.184913, 0.1778215, 0.640681, 0.9089123, 0.1119155, 0.1028215, 
0.2957176, 0.6740385, 0, 0, 0.002314815, 0.01033912, 0, 0.008355206, 
0.01786265, 0, 0, 0, 0.020796, 0, 0, 0, 0.002053465, 0, 0.02170818, 0.01077741, 
0.265118, 0.1108464, 0.134201, 0.1220049, 0.5667189, 0.7962159, 0.05209138, 
0.05754593, 0.2366898, 0.3523504, 0.1172728, 0.1120777, 0.4867458, 0.6170389, 
